[gd_scene load_steps=4 format=2]

[ext_resource path="res://player/CharacterModel.tscn" type="PackedScene" id=1]
[ext_resource path="res://effects/Ragdoll.gd" type="Script" id=2]

[sub_resource type="SphereShape" id=1]
radius = 0.15

[node name="Ragdoll" type="Spatial"]
script = ExtResource( 2 )

[node name="CharacterModel" parent="." instance=ExtResource( 1 )]

[node name="Skeleton" parent="CharacterModel/Armature" index="0"]
bones/0/bound_children = [  ]
bones/1/bound_children = [  ]
bones/2/bound_children = [  ]
bones/3/bound_children = [  ]
bones/4/bound_children = [  ]
bones/5/bound_children = [  ]
bones/6/bound_children = [  ]
bones/8/bound_children = [  ]
bones/9/bound_children = [  ]
bones/11/bound_children = [  ]
bones/12/bound_children = [  ]

[node name="Hand" parent="CharacterModel/Armature/Skeleton" index="1"]
transform = Transform( -8.46921e-08, 1, -1.49012e-08, -1, -1.09983e-07, -5.69597e-06, -5.6976e-06, 1.49012e-08, 1, 0.724716, 0.488436, -8.9407e-08 )

[node name="ForearmR" parent="CharacterModel/Armature/Skeleton" index="2"]
transform = Transform( -0.0375446, -0.996741, 0.0713906, 0.999295, -0.0374668, 0.00242871, 0.000253975, 0.0714315, 0.997445, -0.466534, 0.498141, -0.0185027 )

[node name="ForearmL" parent="CharacterModel/Armature/Skeleton" index="3"]
transform = Transform( -0.0375447, 0.996742, -0.0713906, -0.999295, -0.037467, 0.00242873, -0.000253979, 0.0714314, 0.997445, 0.466534, 0.498141, -0.0185027 )

[node name="UpperarmL" parent="CharacterModel/Armature/Skeleton" index="4"]
transform = Transform( 0.0329136, 0.995349, 0.0905372, -0.999458, 0.0328765, 0.00190155, -0.00108384, -0.0905507, 0.995891, 0.0930329, 0.485804, 0.0154761 )

[node name="UpperarmR" parent="CharacterModel/Armature/Skeleton" index="5"]
transform = Transform( 0.0329137, -0.995349, -0.0905372, 0.999457, 0.0328767, 0.00190157, 0.00108384, -0.0905507, 0.995891, -0.0930329, 0.485804, 0.0154761 )

[node name="UpperlegR" parent="CharacterModel/Armature/Skeleton" index="6"]
transform = Transform( -0.999865, 0.0163822, -0.00135807, -0.0164355, -0.994701, 0.101489, 0.000311735, 0.101495, 0.994855, -0.0825963, -0.0559523, -0.0249671 )

[node name="UpperlegL" parent="CharacterModel/Armature/Skeleton" index="7"]
transform = Transform( -0.999865, -0.0163822, 0.00135792, 0.0164355, -0.994701, 0.101489, -0.000311886, 0.101495, 0.994855, 0.0825963, -0.0559523, -0.0249671 )

[node name="LowerlegR" parent="CharacterModel/Armature/Skeleton" index="8"]
transform = Transform( -0.999805, 0.0196883, 0.00149377, -0.0197448, -0.997129, -0.0731063, 5.01189e-05, -0.0731267, 0.997341, -0.0754369, -0.490656, 0.0193883 )

[node name="LowerlegL" parent="CharacterModel/Armature/Skeleton" index="9"]
transform = Transform( -0.999806, -0.0196883, -0.00149377, 0.0197448, -0.997129, -0.0731063, -5.01167e-05, -0.0731267, 0.997341, 0.0754369, -0.490656, 0.0193883 )

[node name="Body" parent="CharacterModel/Armature/Skeleton" index="10"]
transform = Transform( 1, -7.10543e-15, 2.38419e-07, -7.10543e-15, 1, 5.96046e-08, -2.38419e-07, -5.96046e-08, 1, 0, 0.143877, 0 )

[node name="Head" parent="CharacterModel/Armature/Skeleton" index="11"]
transform = Transform( 1, -7.10543e-15, 2.38419e-07, -7.10543e-15, 1, 5.96046e-08, -2.38419e-07, -5.96046e-08, 1, -3.26608e-15, 0.603538, -2.73979e-08 )

[node name="PhysicalBone" type="PhysicalBone" parent="CharacterModel/Armature/Skeleton" index="12"]
transform = Transform( 1, -7.10542e-15, 2.38418e-07, -7.10543e-15, 0.999999, 5.96046e-08, -2.38419e-07, -5.96046e-08, 0.999999, 0, 0.759939, -2.7474e-08 )
joint_offset = Transform( 1, 0, 0, 0, 1, 0, 0, 0, 1, -2.64314e-22, -0.156401, -9.31323e-09 )
body_offset = Transform( 1, 2.5411e-21, -7.10543e-14, -3.38813e-21, 0.999999, 3.55271e-15, -5.68434e-14, -3.55271e-15, 0.999999, 0, 0.156401, 9.31323e-09 )
bone_name = "head"

[node name="CollisionShape" type="CollisionShape" parent="CharacterModel/Armature/Skeleton/PhysicalBone"]
shape = SubResource( 1 )

[editable path="CharacterModel"]
