[gd_scene load_steps=21 format=2]

[ext_resource path="res://player/raw/austin_skin.png" type="Texture" id=1]
[ext_resource path="res://player/raw/man.glb" type="PackedScene" id=2]
[ext_resource path="res://player/Hitbox.gd" type="Script" id=4]
[ext_resource path="res://player/CharacterModel.gd" type="Script" id=5]
[ext_resource path="res://player/RagdollBody.gd" type="Script" id=6]

[sub_resource type="SpatialMaterial" id=16]
albedo_texture = ExtResource( 1 )

[sub_resource type="CapsuleShape" id=2]
radius = 0.045966
height = 0.367728

[sub_resource type="CapsuleShape" id=3]
radius = 0.0375246
height = 0.300197

[sub_resource type="CapsuleShape" id=4]
radius = 0.0259026
height = 0.207221

[sub_resource type="CapsuleShape" id=5]
radius = 0.0437019
height = 0.349616

[sub_resource type="CapsuleShape" id=6]
radius = 0.0458333
height = 0.366666

[sub_resource type="CapsuleShape" id=7]
radius = 0.0375246
height = 0.300197

[sub_resource type="CapsuleShape" id=8]
radius = 0.0259026
height = 0.207221

[sub_resource type="CapsuleShape" id=9]
radius = 0.0437019
height = 0.349616

[sub_resource type="CapsuleShape" id=10]
radius = 0.0458333
height = 0.366666

[sub_resource type="SphereShape" id=11]
radius = 0.1

[sub_resource type="CapsuleShape" id=12]
radius = 0.08
height = 0.29

[sub_resource type="CapsuleShape" id=13]
radius = 0.09
height = 0.51

[sub_resource type="CylinderShape" id=14]
radius = 0.149637
height = 0.609759

[sub_resource type="SphereShape" id=15]
radius = 0.15

[node name="CharacterModel" instance=ExtResource( 2 )]
script = ExtResource( 5 )

[node name="Cube" parent="Armature/Skeleton" index="0"]
material/0 = SubResource( 16 )

[node name="Ragdoll" type="Spatial" parent="Armature/Skeleton" index="1"]

[node name="Body" type="PhysicalBone" parent="Armature/Skeleton/Ragdoll" index="0"]
transform = Transform( 1, 2.98028e-08, 2.15834e-07, -2.64263e-08, 0.0394865, -0.99922, 8.94074e-08, 0.999221, 0.0394866, -1.14087e-07, 0.143877, 0.0186137 )
joint_offset = Transform( 1, 0, 0, 0, 1, 0, 0, 0, 1, 1.15019e-07, -0.0185992, -0.000735345 )
body_offset = Transform( 1, -2.0843e-07, 2.0642e-07, -2.64263e-08, 0.0394864, -0.99922, 3.27826e-07, 0.999221, 0.0394865, -1.18744e-07, -3.57628e-07, 0.0186137 )
bone_name = "body"
script = ExtResource( 6 )

[node name="CollisionShape" type="CollisionShape" parent="Armature/Skeleton/Ragdoll/Body" index="0"]
shape = SubResource( 2 )

[node name="Physical Bone upperarml" type="PhysicalBone" parent="Armature/Skeleton/Ragdoll" index="1"]
transform = Transform( 0.0329133, 0.995347, 0.0905376, 0.0559285, -0.0922787, 0.994165, 0.997889, -0.0276573, -0.0587054, 0.0760456, 0.48544, -0.0598323 )
joint_type = 2
joint_offset = Transform( 1, 0, 0, 0, 1, 0, 0, 0, 1, 0.0757294, 0.0147918, -0.00252085 )
body_offset = Transform( -0.0558964, 0.125019, -0.990582, -0.0557606, 0.990188, 0.128117, 0.996875, 0.0623968, -0.0483767, -0.000113368, -0.010101, -0.0765377 )
bone_name = "upperarml"
joint_constraints/swing_span = 45.0
joint_constraints/twist_span = 180.0
joint_constraints/bias = 0.3
joint_constraints/softness = 0.8
joint_constraints/relaxation = 1.0

[node name="CollisionShape" type="CollisionShape" parent="Armature/Skeleton/Ragdoll/Physical Bone upperarml" index="0"]
shape = SubResource( 3 )

[node name="Physical Bone forearml" type="PhysicalBone" parent="Armature/Skeleton/Ragdoll" index="2"]
transform = Transform( -0.00270432, 0.136347, 0.990657, -0.999293, -0.0374669, 0.00242871, 0.037448, -0.989953, 0.136353, 0.475779, 0.497821, -0.0231292 )
joint_type = 2
joint_offset = Transform( 1, 0, 0, 0, 1, 0, 0, 0, 1, -0.000121675, -0.00585257, -0.00852683 )
body_offset = Transform( 0.99868, 0.0325728, -0.0396556, 0.0374199, 0.0665927, 0.997078, 0.0351184, -0.997249, 0.0652868, -2.59876e-05, 0.0088962, -0.00527551 )
bone_name = "forearml"
joint_constraints/swing_span = 45.0
joint_constraints/twist_span = 180.0
joint_constraints/bias = 0.3
joint_constraints/softness = 0.8
joint_constraints/relaxation = 1.0

[node name="CollisionShape" type="CollisionShape" parent="Armature/Skeleton/Ragdoll/Physical Bone forearml" index="0"]
transform = Transform( 1, 0, -1.86265e-09, -1.11759e-08, 1, -2.98023e-08, 1.39698e-09, -4.47035e-08, 1, -0.000388503, 0.0195855, 0.142302 )
shape = SubResource( 4 )

[node name="Physical Bone upperlegl" type="PhysicalBone" parent="Armature/Skeleton/Ragdoll" index="3"]
transform = Transform( -0.999865, -0.0163822, 0.00135779, 0.00324994, -0.116013, 0.993268, -0.0161141, 0.993117, 0.116053, 0.0822993, -0.0781311, 0.00986903 )
joint_type = 2
joint_offset = Transform( 1, 0, 0, 0, 1, 0, 0, 0, 1, 0.000336481, -0.037174, 0.0179862 )
body_offset = Transform( 0.999788, 0.0141635, 0.014931, 0.0115118, 0.216463, -0.976248, -0.0170584, 0.976174, 0.216255, -7.84472e-05, 0.0256019, 0.0324044 )
bone_name = "upperlegl"
joint_constraints/swing_span = 45.0
joint_constraints/twist_span = 180.0
joint_constraints/bias = 0.3
joint_constraints/softness = 0.8
joint_constraints/relaxation = 1.0

[node name="CollisionShape" type="CollisionShape" parent="Armature/Skeleton/Ragdoll/Physical Bone upperlegl" index="0"]
shape = SubResource( 5 )

[node name="Physical Bone lowerlegl" type="PhysicalBone" parent="Armature/Skeleton/Ragdoll" index="4"]
transform = Transform( -0.999803, -0.0196883, -0.00149365, 0.00129558, -0.140898, 0.990042, -0.0197024, 0.989825, 0.140892, 0.0757792, -0.473903, 0.0237416 )
joint_type = 2
joint_offset = Transform( 1, 0, 0, 0, 1, 0, 0, 0, 1, 0.000406327, -0.00194193, -0.0171986 )
body_offset = Transform( 0.999634, 0.0168528, 0.0210345, 0.0198332, 0.0685045, -0.997471, -0.0182505, 0.997488, 0.0681325, -1.16862e-05, -0.0170302, 0.00311625 )
bone_name = "lowerlegl"
joint_constraints/swing_span = 45.0
joint_constraints/twist_span = 180.0
joint_constraints/bias = 0.3
joint_constraints/softness = 0.8
joint_constraints/relaxation = 1.0

[node name="CollisionShape" type="CollisionShape" parent="Armature/Skeleton/Ragdoll/Physical Bone lowerlegl" index="0"]
shape = SubResource( 6 )

[node name="Physical Bone upperarmr" type="PhysicalBone" parent="Armature/Skeleton/Ragdoll" index="5"]
transform = Transform( -0.00176494, -0.00418852, 0.999994, 0.999465, 0.0328769, 0.0019014, -0.0328846, 0.999457, 0.00412758, -0.0760457, 0.48544, -0.00869001 )
joint_type = 2
joint_offset = Transform( 1, 0, 0, 0, 1, 0, 0, 0, 1, -0.000401068, 0.0242358, -0.0168864 )
body_offset = Transform( 0.998829, 0.0338045, 0.0348184, 0.0375935, -0.0852516, -0.995654, -0.0306891, 0.995792, -0.0864224, 0.000169277, -0.0147318, -0.0256055 )
bone_name = "upperarmr"
joint_constraints/swing_span = 45.0
joint_constraints/twist_span = 180.0
joint_constraints/bias = 0.3
joint_constraints/softness = 0.8
joint_constraints/relaxation = 1.0

[node name="CollisionShape" type="CollisionShape" parent="Armature/Skeleton/Ragdoll/Physical Bone upperarmr" index="0"]
shape = SubResource( 7 )

[node name="Physical Bone forearmr" type="PhysicalBone" parent="Armature/Skeleton/Ragdoll" index="6"]
transform = Transform( -0.00550087, -0.210087, -0.977673, 0.999298, -0.0374668, 0.00242883, -0.0371405, -0.976968, 0.210146, -0.475779, 0.497826, 0.0022598 )
joint_type = 2
joint_offset = Transform( 1, 0, 0, 0, 1, 0, 0, 0, 1, 0.00103535, 0.0183299, -0.0134016 )
body_offset = Transform( 0.998791, -0.0298009, 0.0391868, -0.0346106, 0.14102, 0.989407, -0.0350113, -0.989562, 0.139818, 3.73125e-05, 0.0107106, 0.0200486 )
bone_name = "forearmr"
joint_constraints/swing_span = 45.0
joint_constraints/twist_span = 180.0
joint_constraints/bias = 0.3
joint_constraints/softness = 0.8
joint_constraints/relaxation = 1.0

[node name="CollisionShape" type="CollisionShape" parent="Armature/Skeleton/Ragdoll/Physical Bone forearmr" index="0"]
shape = SubResource( 8 )

[node name="Physical Bone upperlegr" type="PhysicalBone" parent="Armature/Skeleton/Ragdoll" index="7"]
transform = Transform( -0.999865, 0.0163822, -0.00135828, -0.0028484, -0.0912981, 0.995846, 0.0161897, 0.995694, 0.0913332, -0.0822992, -0.0781283, 0.0693107 )
joint_type = 2
joint_offset = Transform( 1, 0, 0, 0, 1, 0, 0, 0, 1, -0.0012925, -0.0959004, 0.0134727 )
body_offset = Transform( 0.999781, -0.0145691, -0.0149806, -0.0119035, 0.192141, -0.981321, 0.0171746, 0.981246, 0.191925, 9.6865e-05, 0.0316321, 0.0915383 )
bone_name = "upperlegr"
joint_constraints/swing_span = 45.0
joint_constraints/twist_span = 180.0
joint_constraints/bias = 0.3
joint_constraints/softness = 0.8
joint_constraints/relaxation = 1.0

[node name="CollisionShape" type="CollisionShape" parent="Armature/Skeleton/Ragdoll/Physical Bone upperlegr" index="0"]
shape = SubResource( 9 )

[node name="Physical Bone lowerlegr" type="PhysicalBone" parent="Armature/Skeleton/Ragdoll" index="8"]
transform = Transform( -0.999805, 0.0196882, 0.00149376, 0.00121593, -0.0141234, 0.99992, 0.0197073, 0.999707, 0.0140904, -0.075779, -0.473903, 0.0386065 )
joint_type = 2
joint_offset = Transform( 1, 0, 0, 0, 1, 0, 0, 0, 1, -0.000741071, -0.0189693, -0.0170219 )
body_offset = Transform( 0.999587, -0.0193554, -0.021236, -0.0223379, -0.0586283, -0.998049, 0.0180718, 0.998074, -0.0590495, 1.21295e-05, -0.0181174, 0.017941 )
bone_name = "lowerlegr"
joint_constraints/swing_span = 45.0
joint_constraints/twist_span = 180.0
joint_constraints/bias = 0.3
joint_constraints/softness = 0.8
joint_constraints/relaxation = 1.0

[node name="CollisionShape" type="CollisionShape" parent="Armature/Skeleton/Ragdoll/Physical Bone lowerlegr" index="0"]
shape = SubResource( 10 )

[node name="Physical Bone handl" type="PhysicalBone" parent="Armature/Skeleton/Ragdoll" index="9"]
transform = Transform( -8.4692e-08, 1, -1.49011e-08, -1, -1.09983e-07, -5.69596e-06, -5.69759e-06, 1.49012e-08, 1, 0.724716, 0.488436, -8.9407e-08 )
joint_type = 2
body_offset = Transform( 1, 3.88558e-16, -6.82121e-12, 1.06949e-13, 1, 1.33227e-14, 6.82121e-12, 0, 1, 0, 0, 0 )
bone_name = "handl"
joint_constraints/swing_span = 45.0
joint_constraints/twist_span = 180.0
joint_constraints/bias = 0.3
joint_constraints/softness = 0.8
joint_constraints/relaxation = 1.0

[node name="CollisionShape" type="CollisionShape" parent="Armature/Skeleton/Ragdoll/Physical Bone handl" index="0"]
transform = Transform( 1, 3.88565e-16, -9.09495e-13, 1.45779e-14, 1, 1.77636e-15, 9.09495e-13, 0, 1, 0, 0.121579, -1.86265e-09 )
shape = SubResource( 11 )

[node name="Hand" type="BoneAttachment" parent="Armature/Skeleton" index="2"]
transform = Transform( -8.46921e-08, 1, -1.49012e-08, -1, -1.09983e-07, -5.69597e-06, -5.6976e-06, 1.49012e-08, 1, 0.724716, 0.488436, -8.9407e-08 )
bone_name = "handl"

[node name="WeaponSocket" type="Spatial" parent="Armature/Skeleton/Hand" index="0"]
transform = Transform( 0.0392851, -0.976483, -0.211985, -0.909459, -0.122825, 0.397238, -0.413932, 0.177186, -0.892897, 0.0402189, 0.114949, 0.14809 )

[node name="ForearmR" type="BoneAttachment" parent="Armature/Skeleton" index="3"]
transform = Transform( -0.0375446, -0.996741, 0.0713906, 0.999295, -0.0374668, 0.00242871, 0.000253975, 0.0714315, 0.997445, -0.466534, 0.498141, -0.0185027 )
bone_name = "forearmr"

[node name="Hitbox" type="Area" parent="Armature/Skeleton/ForearmR" index="0"]
transform = Transform( 1, -1.01863e-10, 2.03727e-10, 3.40151e-09, 1, 7.45058e-09, -5.82077e-11, 0, 1, 0, 0, 0 )
collision_layer = 4
collision_mask = 0
script = ExtResource( 4 )
damage_multiplier = 0.8

[node name="CollisionShape" type="CollisionShape" parent="Armature/Skeleton/ForearmR/Hitbox" index="0"]
transform = Transform( 0.998607, -0.0361372, 0.038451, -0.0394933, -0.0285867, 0.998811, -0.0349951, -0.998939, -0.029974, -0.0275835, 0.150528, -0.0107729 )
shape = SubResource( 12 )

[node name="ForearmL" type="BoneAttachment" parent="Armature/Skeleton" index="4"]
transform = Transform( -0.0375447, 0.996742, -0.0713906, -0.999295, -0.037467, 0.00242873, -0.000253979, 0.0714314, 0.997445, 0.466534, 0.498141, -0.0185027 )
bone_name = "forearml"

[node name="Hitbox" type="Area" parent="Armature/Skeleton/ForearmL" index="0"]
transform = Transform( 1, 1.54614e-10, -8.73115e-11, 3.79259e-09, 1, 7.45058e-09, 1.45519e-10, 7.45058e-09, 1, 0, 0, 0 )
collision_layer = 4
collision_mask = 0
script = ExtResource( 4 )
damage_multiplier = 0.8

[node name="CollisionShape" type="CollisionShape" parent="Armature/Skeleton/ForearmL/Hitbox" index="0"]
transform = Transform( 0.998607, -0.0361372, 0.038451, -0.0394933, -0.0285867, 0.998811, -0.0349951, -0.998938, -0.029974, 0.0117263, 0.152001, -0.0108685 )
shape = SubResource( 12 )

[node name="UpperarmL" type="BoneAttachment" parent="Armature/Skeleton" index="5"]
transform = Transform( 0.0329136, 0.995349, 0.0905372, -0.999458, 0.0328765, 0.00190155, -0.00108384, -0.0905507, 0.995891, 0.0930329, 0.485804, 0.0154761 )
bone_name = "upperarml"

[node name="Hitbox" type="Area" parent="Armature/Skeleton/UpperarmL" index="0"]
transform = Transform( 1, -4.29281e-10, 1.16415e-10, -4.00178e-09, 1, -7.45058e-09, 1.16415e-10, 7.45058e-09, 1, 0, 0, 0 )
collision_layer = 4
collision_mask = 0
script = ExtResource( 4 )
damage_multiplier = 0.8

[node name="CollisionShape" type="CollisionShape" parent="Armature/Skeleton/UpperarmL/Hitbox" index="0"]
transform = Transform( 0.998607, -0.0361372, 0.038451, -0.0394933, -0.0285867, 0.998811, -0.0349951, -0.998938, -0.029974, 0.0117263, 0.152001, -0.0108685 )
shape = SubResource( 12 )

[node name="UpperarmR" type="BoneAttachment" parent="Armature/Skeleton" index="6"]
transform = Transform( 0.0329137, -0.995349, -0.0905372, 0.999457, 0.0328767, 0.00190157, 0.00108384, -0.0905507, 0.995891, -0.0930329, 0.485804, 0.0154761 )
bone_name = "upperarmr"

[node name="Hitbox" type="Area" parent="Armature/Skeleton/UpperarmR" index="0"]
transform = Transform( 1, -3.3906e-09, -4.65661e-10, 4.40195e-09, 1, 0, 5.82077e-10, 7.45058e-09, 1, 0, 0, 0 )
collision_layer = 4
collision_mask = 0
script = ExtResource( 4 )
damage_multiplier = 0.8

[node name="CollisionShape" type="CollisionShape" parent="Armature/Skeleton/UpperarmR/Hitbox" index="0"]
transform = Transform( 0.993635, -0.0178461, -0.111234, 0.110616, -0.0324902, 0.993332, -0.0213411, -0.999314, -0.0303093, -0.00718713, 0.151379, -0.0109045 )
shape = SubResource( 12 )

[node name="UpperlegR" type="BoneAttachment" parent="Armature/Skeleton" index="7"]
transform = Transform( -0.999865, 0.0163822, -0.00135807, -0.0164355, -0.994701, 0.101489, 0.000311735, 0.101495, 0.994855, -0.0825963, -0.0559523, -0.0249671 )
bone_name = "upperlegr"

[node name="Hitbox" type="Area" parent="Armature/Skeleton/UpperlegR" index="0"]
transform = Transform( 1, 7.74889e-10, -8.73115e-11, 2.66664e-09, 1, 0, 2.91038e-11, 0, 1, 0, 0, 0 )
collision_layer = 4
collision_mask = 0
script = ExtResource( 4 )
damage_multiplier = 0.6

[node name="CollisionShape" type="CollisionShape" parent="Armature/Skeleton/UpperlegR/Hitbox" index="0"]
transform = Transform( 0.998607, -0.0361372, 0.038451, -0.0394933, -0.0285867, 0.998811, -0.0349951, -0.998938, -0.029974, 0.0117263, 0.152001, -0.0108685 )
shape = SubResource( 13 )

[node name="UpperlegL" type="BoneAttachment" parent="Armature/Skeleton" index="8"]
transform = Transform( -0.999865, -0.0163822, 0.00135792, 0.0164355, -0.994701, 0.101489, -0.000311886, 0.101495, 0.994855, 0.0825963, -0.0559523, -0.0249671 )
bone_name = "upperlegl"

[node name="Hitbox" type="Area" parent="Armature/Skeleton/UpperlegL" index="0"]
transform = Transform( 1, -1.18598e-09, 8.73115e-11, -1.1969e-09, 1, -7.45058e-09, 2.91038e-11, -7.45058e-09, 1, 0, 0, 0 )
collision_layer = 4
collision_mask = 0
script = ExtResource( 4 )
damage_multiplier = 0.6

[node name="CollisionShape" type="CollisionShape" parent="Armature/Skeleton/UpperlegL/Hitbox" index="0"]
transform = Transform( 0.998607, -0.0361372, 0.038451, -0.0394933, -0.0285867, 0.998811, -0.0349951, -0.998938, -0.029974, 0.0117263, 0.152001, -0.0108685 )
shape = SubResource( 13 )

[node name="LowerlegR" type="BoneAttachment" parent="Armature/Skeleton" index="9"]
transform = Transform( -0.999805, 0.0196883, 0.00149377, -0.0197448, -0.997129, -0.0731063, 5.01189e-05, -0.0731267, 0.997341, -0.0754369, -0.490656, 0.0193883 )
bone_name = "lowerlegr"

[node name="Hitbox" type="Area" parent="Armature/Skeleton/LowerlegR" index="0"]
transform = Transform( 1, 9.3155e-10, 5.82077e-11, -8.80618e-10, 1, 0, 6.91216e-11, 0, 1, 0, 0, 0 )
collision_layer = 4
collision_mask = 0
script = ExtResource( 4 )
damage_multiplier = 0.6

[node name="CollisionShape" type="CollisionShape" parent="Armature/Skeleton/LowerlegR/Hitbox" index="0"]
transform = Transform( 0.998607, -0.0361372, 0.038451, -0.0394933, -0.0285867, 0.998811, -0.0349951, -0.998938, -0.029974, 0.0117263, 0.152001, -0.0108685 )
shape = SubResource( 13 )

[node name="LowerlegL" type="BoneAttachment" parent="Armature/Skeleton" index="10"]
transform = Transform( -0.999806, -0.0196883, -0.00149377, 0.0197448, -0.997129, -0.0731063, -5.01167e-05, -0.0731267, 0.997341, 0.0754369, -0.490656, 0.0193883 )
bone_name = "lowerlegl"

[node name="Hitbox" type="Area" parent="Armature/Skeleton/LowerlegL" index="0"]
transform = Transform( 1, -1.0848e-09, -5.82077e-11, 7.22821e-10, 1, -7.45058e-09, -1.27329e-10, 0, 1, 0, 0, 0 )
collision_layer = 4
collision_mask = 0
script = ExtResource( 4 )
damage_multiplier = 0.6

[node name="CollisionShape" type="CollisionShape" parent="Armature/Skeleton/LowerlegL/Hitbox" index="0"]
transform = Transform( 0.998607, -0.0361372, 0.038451, -0.0394933, -0.0285867, 0.998811, -0.0349951, -0.998938, -0.029974, 0.0117263, 0.152001, -0.0108685 )
shape = SubResource( 13 )

[node name="Body" type="BoneAttachment" parent="Armature/Skeleton" index="11"]
transform = Transform( 1, -7.10543e-15, 2.38419e-07, -7.10543e-15, 1, 5.96046e-08, -2.38419e-07, -5.96046e-08, 1, 0, 0.143877, 0 )
bone_name = "body"

[node name="Hitbox" type="Area" parent="Armature/Skeleton/Body" index="0"]
collision_layer = 4
collision_mask = 0
script = ExtResource( 4 )

[node name="CollisionShape" type="CollisionShape" parent="Armature/Skeleton/Body/Hitbox" index="0"]
transform = Transform( 1, 0, 0, 0, 1, 0, 0, 0, 1, 0, 0.116167, 6.98492e-09 )
shape = SubResource( 14 )

[node name="Head" type="BoneAttachment" parent="Armature/Skeleton" index="12"]
transform = Transform( 1, -7.10543e-15, 2.38419e-07, -7.10543e-15, 1, 5.96046e-08, -2.38419e-07, -5.96046e-08, 1, -3.26608e-15, 0.603538, -2.73979e-08 )
bone_name = "head"

[node name="Hitbox" type="Area" parent="Armature/Skeleton/Head" index="0"]
transform = Transform( 1, 8.47033e-22, 0, 0, 1, 0, 0, 0, 1, 0, 0, 0 )
collision_layer = 4
collision_mask = 0
script = ExtResource( 4 )
damage_multiplier = 2.0

[node name="CollisionShape" type="CollisionShape" parent="Armature/Skeleton/Head/Hitbox" index="0"]
transform = Transform( 1, 1.69407e-21, 0, 0, 1, 0, 0, 0, 1, 0, 0.14002, 8.3819e-09 )
shape = SubResource( 15 )

[node name="AutoaimTarget" type="Spatial" parent="Armature/Skeleton/Head/Hitbox" index="1"]
transform = Transform( 1, 0, 0, 0, 1, 0, 0, 0, 1, 0, 0.144221, 8.3819e-09 )

[node name="AnimationPlayer" parent="." index="1"]
autoplay = "aim_gun"

[node name="CleanupTimer" type="Timer" parent="." index="2"]
wait_time = 3.0
one_shot = true
