[gd_scene load_steps=20 format=2]

[ext_resource path="res://player/raw/cole_skin.png" type="Texture" id=1]
[ext_resource path="res://player/raw/man.glb" type="PackedScene" id=2]
[ext_resource path="res://player/Hitbox.gd" type="Script" id=4]
[ext_resource path="res://player/CharacterModel.gd" type="Script" id=5]
[ext_resource path="res://player/RagdollBody.gd" type="Script" id=6]

[sub_resource type="SpatialMaterial" id=1]
albedo_texture = ExtResource( 1 )

[sub_resource type="CapsuleShape" id=2]
radius = 0.045966
height = 0.367728

[sub_resource type="CapsuleShape" id=3]
radius = 0.0375246
height = 0.300197

[sub_resource type="CapsuleShape" id=4]
radius = 0.0259026
height = 0.207221

[sub_resource type="CapsuleShape" id=5]
radius = 0.0437019
height = 0.349616

[sub_resource type="CapsuleShape" id=6]
radius = 0.0458333
height = 0.366666

[sub_resource type="CapsuleShape" id=7]
radius = 0.0375246
height = 0.300197

[sub_resource type="CapsuleShape" id=8]
radius = 0.0259026
height = 0.207221

[sub_resource type="CapsuleShape" id=9]
radius = 0.0437019
height = 0.349616

[sub_resource type="CapsuleShape" id=10]
radius = 0.0458333
height = 0.366666

[sub_resource type="CapsuleShape" id=11]
radius = 0.08
height = 0.29

[sub_resource type="CapsuleShape" id=12]
radius = 0.09
height = 0.51

[sub_resource type="CylinderShape" id=13]
radius = 0.149637
height = 0.609759

[sub_resource type="SphereShape" id=14]
radius = 0.15

[node name="CharacterModel" instance=ExtResource( 2 )]
script = ExtResource( 5 )

[node name="Cube" parent="Armature/Skeleton" index="0"]
material/0 = SubResource( 1 )

[node name="Ragdoll" type="Spatial" parent="Armature/Skeleton" index="1"]

[node name="Body" type="PhysicalBone" parent="Armature/Skeleton/Ragdoll" index="0"]
transform = Transform( 1, 2.98028e-08, 2.15834e-07, -2.64263e-08, 0.0394865, -0.99922, 8.94074e-08, 0.999221, 0.0394866, -1.14087e-07, 0.143877, 0.0296443 )
collision_layer = 0
collision_mask = 9
joint_offset = Transform( 1, 0, 0, 0, 1, 0, 0, 0, 1, 1.1514e-07, -0.0296211, -0.0011709 )
body_offset = Transform( 1, -2.0843e-07, 2.0642e-07, -2.64263e-08, 0.0394864, -0.99922, 3.27826e-07, 0.999221, 0.0394865, -1.21072e-07, -3.57628e-07, 0.0296443 )
mass = 5.0
weight = 100.0
bone_name = "body"
script = ExtResource( 6 )

[node name="CollisionShape" type="CollisionShape" parent="Armature/Skeleton/Ragdoll/Body" index="0"]
shape = SubResource( 2 )

[node name="Physical Bone upperarml" type="PhysicalBone" parent="Armature/Skeleton/Ragdoll" index="1"]
transform = Transform( 0.796191, -0.476708, -0.372588, -0.375288, -0.872137, 0.313895, -0.474584, -0.110093, -0.873298, 0.139225, 0.468274, 0.180826 )
collision_layer = 0
collision_mask = 9
joint_type = 2
joint_offset = Transform( 1, 0, 0, 0, 1, 0, 0, 0, 1, 0.0351163, 0.0249355, 0.167113 )
body_offset = Transform( 0.647139, 0.754683, -0.107967, -0.00485691, -0.137536, -0.990486, -0.762351, 0.641506, -0.0853415, -0.0235009, 0.169123, 0.0250363 )
bone_name = "upperarml"
joint_constraints/swing_span = 11.72
joint_constraints/twist_span = 180.0
joint_constraints/bias = 0.3
joint_constraints/softness = 0.8
joint_constraints/relaxation = 1.0

[node name="CollisionShape" type="CollisionShape" parent="Armature/Skeleton/Ragdoll/Physical Bone upperarml" index="0"]
shape = SubResource( 3 )

[node name="Physical Bone forearml" type="PhysicalBone" parent="Armature/Skeleton/Ragdoll" index="2"]
transform = Transform( 0.778408, -0.434895, -0.452707, 0.0355202, 0.750507, -0.659904, 0.62675, 0.497595, 0.59965, 0.237764, 0.399894, 0.32505 )
collision_layer = 0
collision_mask = 9
joint_type = 2
joint_offset = Transform( 1, 0, 0, 0, 1, 0, 0, 0, 1, 0.0271984, 0.014586, -0.0045835 )
body_offset = Transform( -0.00392231, -0.999293, -0.0373401, 0.0398405, -0.037467, 0.998502, -0.999196, 0.00242886, 0.0399595, 0.0145112, 0.00403953, 0.0273243 )
bone_name = "forearml"
joint_constraints/swing_span = 11.72
joint_constraints/twist_span = 180.0
joint_constraints/bias = 0.3
joint_constraints/softness = 0.8
joint_constraints/relaxation = 1.0

[node name="CollisionShape" type="CollisionShape" parent="Armature/Skeleton/Ragdoll/Physical Bone forearml" index="0"]
transform = Transform( 1, 0, 0, 0, 1, 0, 0, 0, 1, -0.000388503, 0.0195855, 0.142302 )
shape = SubResource( 4 )

[node name="Physical Bone upperlegl" type="PhysicalBone" parent="Armature/Skeleton/Ragdoll" index="3"]
transform = Transform( -0.999868, -0.0163865, 0.00135798, -0.00278891, 0.0875579, -0.996184, 0.0162039, -0.996032, -0.0875933, 0.082299, -0.419244, -0.00664138 )
collision_layer = 0
collision_mask = 9
joint_type = 2
joint_offset = Transform( 1, 0, 0, 0, 1, 0, 0, 0, 1, -0.00160696, 0.0500564, -0.360279 )
body_offset = Transform( 0.999681, 0.018134, -0.0177032, 0.0207988, -0.187918, 0.981992, 0.0144792, -0.982006, -0.188235, -0.00567936, 0.363231, -0.0186382 )
bone_name = "upperlegl"
joint_constraints/swing_span = 8.7
joint_constraints/twist_span = 180.0
joint_constraints/bias = 0.3
joint_constraints/softness = 0.8
joint_constraints/relaxation = 1.0

[node name="CollisionShape" type="CollisionShape" parent="Armature/Skeleton/Ragdoll/Physical Bone upperlegl" index="0"]
shape = SubResource( 5 )

[node name="Physical Bone lowerlegl" type="PhysicalBone" parent="Armature/Skeleton/Ragdoll" index="4"]
transform = Transform( -0.999801, -0.0196969, -0.00148997, 0.00017575, -0.0842826, 0.996425, -0.019752, 0.996271, 0.0842929, 0.0757791, -0.707535, 0.00754309 )
collision_layer = 0
collision_mask = 9
joint_type = 2
joint_offset = Transform( 1, 0, 0, 0, 1, 0, 0, 0, 1, 0.000146272, -0.00647675, 0.217109 )
body_offset = Transform( 0.99961, 0.017979, 0.0211597, 0.0209534, 0.0115808, -0.999698, -0.0182181, 0.999777, 0.0112192, -0.00462372, 0.217115, 0.00404219 )
bone_name = "lowerlegl"
joint_constraints/swing_span = 7.25
joint_constraints/twist_span = 180.0
joint_constraints/bias = 0.3
joint_constraints/softness = 0.8
joint_constraints/relaxation = 1.0

[node name="CollisionShape" type="CollisionShape" parent="Armature/Skeleton/Ragdoll/Physical Bone lowerlegl" index="0"]
shape = SubResource( 6 )

[node name="Physical Bone upperarmr" type="PhysicalBone" parent="Armature/Skeleton/Ragdoll" index="5"]
transform = Transform( -0.379798, 0.142489, 0.914034, -0.64246, -0.751547, -0.149791, 0.665596, -0.644117, 0.376976, -0.188138, 0.503563, -0.0400139 )
collision_layer = 0
collision_mask = 9
joint_type = 2
joint_offset = Transform( 1, 0, 0, 0, 1, 0, 0, 0, 1, 0.0122222, -0.00884373, 0.110507 )
body_offset = Transform( -0.802371, -0.595596, -0.0385169, -0.068713, 0.15629, -0.985322, 0.592873, -0.787941, -0.166324, 0.00879586, 0.111107, 0.00416538 )
bone_name = "upperarmr"
joint_constraints/swing_span = 11.72
joint_constraints/twist_span = 180.0
joint_constraints/bias = 0.3
joint_constraints/softness = 0.8
joint_constraints/relaxation = 1.0

[node name="CollisionShape" type="CollisionShape" parent="Armature/Skeleton/Ragdoll/Physical Bone upperarmr" index="0"]
shape = SubResource( 7 )

[node name="Physical Bone forearmr" type="PhysicalBone" parent="Armature/Skeleton/Ragdoll" index="6"]
transform = Transform( 0.419352, 0.888568, -0.186003, -0.886989, 0.444682, 0.124576, 0.193406, 0.112738, 0.974624, -0.469004, 0.517463, 0.0122596 )
collision_layer = 0
collision_mask = 9
joint_type = 2
joint_offset = Transform( 1, 0, 0, 0, 1, 0, 0, 0, 1, -0.0100473, 0.0266813, -0.19717 )
body_offset = Transform( -0.921156, 0.387345, 0.0380322, 0.0378495, -0.00810408, 0.999254, 0.387363, 0.921902, -0.00719772, -0.0120912, 0.197619, -0.0221248 )
bone_name = "forearmr"
joint_constraints/swing_span = -163.0
joint_constraints/twist_span = 180.0
joint_constraints/bias = 0.3
joint_constraints/softness = 0.8
joint_constraints/relaxation = 1.0

[node name="CollisionShape" type="CollisionShape" parent="Armature/Skeleton/Ragdoll/Physical Bone forearmr" index="0"]
shape = SubResource( 8 )

[node name="Physical Bone upperlegr" type="PhysicalBone" parent="Armature/Skeleton/Ragdoll" index="7"]
transform = Transform( -0.999866, 0.0163829, -0.00135741, -0.00214549, -0.0482065, 0.998875, 0.0162983, 0.998702, 0.0482203, -0.13551, -0.775312, 0.0549654 )
collision_layer = 0
collision_mask = 9
joint_type = 2
joint_offset = Transform( 1, 0, 0, 0, 1, 0, 0, 0, 1, -0.0557532, -0.113628, 0.714566 )
body_offset = Transform( 0.999771, -0.0152771, -0.0150447, -0.0125917, 0.149583, -0.98871, 0.0173539, 0.988611, 0.149343, 0.0647549, 0.722793, 0.00658605 )
bone_name = "upperlegr"
joint_constraints/swing_span = -11.85
joint_constraints/twist_span = 180.0
joint_constraints/bias = 0.3
joint_constraints/softness = 0.8
joint_constraints/relaxation = 1.0

[node name="CollisionShape" type="CollisionShape" parent="Armature/Skeleton/Ragdoll/Physical Bone upperlegr" index="0"]
shape = SubResource( 9 )

[node name="Physical Bone lowerlegr" type="PhysicalBone" parent="Armature/Skeleton/Ragdoll" index="8"]
transform = Transform( -0.999807, 0.0196897, 0.00149191, -0.00332887, -0.0935864, -0.99563, -0.0194634, -0.995412, 0.0936276, -0.0757788, -0.241735, 0.00599185 )
collision_layer = 0
collision_mask = 9
joint_type = 2
joint_offset = Transform( 1, 0, 0, 0, 1, 0, 0, 0, 1, 0.000226028, 0.00996522, 0.249076 )
body_offset = Transform( 0.999676, -0.0178879, 0.0181716, -0.014942, 0.16649, 0.985953, -0.0206611, -0.985858, 0.166168, -0.00457381, -0.247233, -0.0315595 )
bone_name = "lowerlegr"
joint_constraints/swing_span = 15.67
joint_constraints/twist_span = 180.0
joint_constraints/bias = 0.3
joint_constraints/softness = 0.8
joint_constraints/relaxation = 1.0

[node name="CollisionShape" type="CollisionShape" parent="Armature/Skeleton/Ragdoll/Physical Bone lowerlegr" index="0"]
shape = SubResource( 10 )

[node name="Hand" type="BoneAttachment" parent="Armature/Skeleton" index="2"]
transform = Transform( 0.321742, -0.544943, 0.774286, 0.944046, 0.122002, -0.306417, 0.0725154, 0.82955, 0.553704, -0.458731, 0.536292, 0.0750806 )
bone_name = "handr"

[node name="WeaponSocket" type="Spatial" parent="Armature/Skeleton/Hand" index="0"]
transform = Transform( -0.0240861, 0.922635, -0.384918, 0.10093, 0.385307, 0.917251, 0.9946, -0.0167565, -0.102402, -0.0197302, 0.411354, -0.0446978 )

[node name="ForearmR" type="BoneAttachment" parent="Armature/Skeleton" index="3"]
transform = Transform( -0.0491787, -0.177189, 0.982947, 0.994027, 0.0873073, 0.0654714, -0.0974193, 0.980297, 0.171837, -0.412835, 0.513677, -0.178842 )
bone_name = "forearmr"

[node name="Hitbox" type="Area" parent="Armature/Skeleton/ForearmR" index="0"]
transform = Transform( 1, -1.01863e-10, 2.03727e-10, 3.40151e-09, 1, 7.45058e-09, -5.82077e-11, 0, 1, 0, 0, 0 )
collision_layer = 4
collision_mask = 0
script = ExtResource( 4 )
damage_multiplier = 0.8

[node name="CollisionShape" type="CollisionShape" parent="Armature/Skeleton/ForearmR/Hitbox" index="0"]
transform = Transform( 0.998607, -0.0361372, 0.038451, -0.0394933, -0.0285867, 0.998811, -0.0349951, -0.998939, -0.029974, -0.0275835, 0.150528, -0.0107729 )
shape = SubResource( 11 )

[node name="ForearmL" type="BoneAttachment" parent="Armature/Skeleton" index="4"]
transform = Transform( 0.448441, -0.404723, -0.796932, -0.725478, -0.685622, -0.0600384, -0.522095, 0.60508, -0.601079, 0.254667, 0.414832, 0.346606 )
bone_name = "forearml"

[node name="Hitbox" type="Area" parent="Armature/Skeleton/ForearmL" index="0"]
transform = Transform( 1, 1.54614e-10, -8.73115e-11, 3.79259e-09, 1, 7.45058e-09, 1.45519e-10, 7.45058e-09, 1, 0, 0, 0 )
collision_layer = 4
collision_mask = 0
script = ExtResource( 4 )
damage_multiplier = 0.8

[node name="CollisionShape" type="CollisionShape" parent="Armature/Skeleton/ForearmL/Hitbox" index="0"]
transform = Transform( 0.998607, -0.0361372, 0.038451, -0.0394933, -0.0285867, 0.998811, -0.0349951, -0.998938, -0.029974, 0.0117263, 0.152001, -0.0108685 )
shape = SubResource( 11 )

[node name="UpperarmL" type="BoneAttachment" parent="Armature/Skeleton" index="5"]
transform = Transform( 0.195712, 0.430742, -0.880999, -0.934947, -0.189135, -0.300169, -0.295923, 0.882434, 0.365705, 0.0930329, 0.485804, 0.0154761 )
bone_name = "upperarml"

[node name="Hitbox" type="Area" parent="Armature/Skeleton/UpperarmL" index="0"]
transform = Transform( 1, -4.29281e-10, 1.16415e-10, -4.00178e-09, 1, -7.45058e-09, 1.16415e-10, 7.45058e-09, 1, 0, 0, 0 )
collision_layer = 4
collision_mask = 0
script = ExtResource( 4 )
damage_multiplier = 0.8

[node name="CollisionShape" type="CollisionShape" parent="Armature/Skeleton/UpperarmL/Hitbox" index="0"]
transform = Transform( 0.998607, -0.0361372, 0.038451, -0.0394933, -0.0285867, 0.998811, -0.0349951, -0.998938, -0.029974, 0.0117263, 0.152001, -0.0108685 )
shape = SubResource( 11 )

[node name="UpperarmR" type="BoneAttachment" parent="Armature/Skeleton" index="6"]
transform = Transform( 0.184662, -0.852246, -0.489466, 0.968863, 0.0742791, 0.236191, -0.164936, -0.517841, 0.839426, -0.0930329, 0.485804, 0.0154761 )
bone_name = "upperarmr"

[node name="Hitbox" type="Area" parent="Armature/Skeleton/UpperarmR" index="0"]
transform = Transform( 1, -3.3906e-09, -4.65661e-10, 4.40195e-09, 1, 0, 5.82077e-10, 7.45058e-09, 1, 0, 0, 0 )
collision_layer = 4
collision_mask = 0
script = ExtResource( 4 )
damage_multiplier = 0.8

[node name="CollisionShape" type="CollisionShape" parent="Armature/Skeleton/UpperarmR/Hitbox" index="0"]
transform = Transform( 0.993635, -0.0178461, -0.111234, 0.110616, -0.0324902, 0.993332, -0.0213411, -0.999314, -0.0303093, -0.00718713, 0.151379, -0.0109045 )
shape = SubResource( 11 )

[node name="UpperlegR" type="BoneAttachment" parent="Armature/Skeleton" index="7"]
transform = Transform( -0.999865, 0.0163822, -0.00135807, -0.0164355, -0.994701, 0.101489, 0.000311735, 0.101495, 0.994855, -0.0825963, -0.0559523, -0.0249671 )
bone_name = "upperlegr"

[node name="Hitbox" type="Area" parent="Armature/Skeleton/UpperlegR" index="0"]
transform = Transform( 1, 7.74889e-10, -8.73115e-11, 2.66664e-09, 1, 0, 2.91038e-11, 0, 1, 0, 0, 0 )
collision_layer = 4
collision_mask = 0
script = ExtResource( 4 )
damage_multiplier = 0.6

[node name="CollisionShape" type="CollisionShape" parent="Armature/Skeleton/UpperlegR/Hitbox" index="0"]
transform = Transform( 0.998607, -0.0361372, 0.038451, -0.0394933, -0.0285867, 0.998811, -0.0349951, -0.998938, -0.029974, 0.0117263, 0.152001, -0.0108685 )
shape = SubResource( 12 )

[node name="UpperlegL" type="BoneAttachment" parent="Armature/Skeleton" index="8"]
transform = Transform( -0.999865, -0.0163822, 0.00135792, 0.0164355, -0.994701, 0.101489, -0.000311886, 0.101495, 0.994855, 0.0825963, -0.0559523, -0.0249671 )
bone_name = "upperlegl"

[node name="Hitbox" type="Area" parent="Armature/Skeleton/UpperlegL" index="0"]
transform = Transform( 1, -1.18598e-09, 8.73115e-11, -1.1969e-09, 1, -7.45058e-09, 2.91038e-11, -7.45058e-09, 1, 0, 0, 0 )
collision_layer = 4
collision_mask = 0
script = ExtResource( 4 )
damage_multiplier = 0.6

[node name="CollisionShape" type="CollisionShape" parent="Armature/Skeleton/UpperlegL/Hitbox" index="0"]
transform = Transform( 0.998607, -0.0361372, 0.038451, -0.0394933, -0.0285867, 0.998811, -0.0349951, -0.998938, -0.029974, 0.0117263, 0.152001, -0.0108685 )
shape = SubResource( 12 )

[node name="LowerlegR" type="BoneAttachment" parent="Armature/Skeleton" index="9"]
transform = Transform( -0.999805, 0.0196883, 0.00149377, -0.0197448, -0.997129, -0.0731063, 5.01189e-05, -0.0731267, 0.997341, -0.0754369, -0.490656, 0.0193883 )
bone_name = "lowerlegr"

[node name="Hitbox" type="Area" parent="Armature/Skeleton/LowerlegR" index="0"]
transform = Transform( 1, 9.3155e-10, 5.82077e-11, -8.80618e-10, 1, 0, 6.91216e-11, 0, 1, 0, 0, 0 )
collision_layer = 4
collision_mask = 0
script = ExtResource( 4 )
damage_multiplier = 0.6

[node name="CollisionShape" type="CollisionShape" parent="Armature/Skeleton/LowerlegR/Hitbox" index="0"]
transform = Transform( 0.998607, -0.0361372, 0.038451, -0.0394933, -0.0285867, 0.998811, -0.0349951, -0.998938, -0.029974, 0.0117263, 0.152001, -0.0108685 )
shape = SubResource( 12 )

[node name="LowerlegL" type="BoneAttachment" parent="Armature/Skeleton" index="10"]
transform = Transform( -0.999806, -0.0196883, -0.00149377, 0.0197448, -0.997129, -0.0731063, -5.01167e-05, -0.0731267, 0.997341, 0.0754369, -0.490656, 0.0193883 )
bone_name = "lowerlegl"

[node name="Hitbox" type="Area" parent="Armature/Skeleton/LowerlegL" index="0"]
transform = Transform( 1, -1.0848e-09, -5.82077e-11, 7.22821e-10, 1, -7.45058e-09, -1.27329e-10, 0, 1, 0, 0, 0 )
collision_layer = 4
collision_mask = 0
script = ExtResource( 4 )
damage_multiplier = 0.6

[node name="CollisionShape" type="CollisionShape" parent="Armature/Skeleton/LowerlegL/Hitbox" index="0"]
transform = Transform( 0.998607, -0.0361372, 0.038451, -0.0394933, -0.0285867, 0.998811, -0.0349951, -0.998938, -0.029974, 0.0117263, 0.152001, -0.0108685 )
shape = SubResource( 12 )

[node name="Body" type="BoneAttachment" parent="Armature/Skeleton" index="11"]
transform = Transform( 1, -7.10543e-15, 2.38419e-07, -7.10543e-15, 1, 5.96046e-08, -2.38419e-07, -5.96046e-08, 1, 0, 0.143877, 0 )
bone_name = "body"

[node name="Hitbox" type="Area" parent="Armature/Skeleton/Body" index="0"]
collision_layer = 4
collision_mask = 0
script = ExtResource( 4 )

[node name="CollisionShape" type="CollisionShape" parent="Armature/Skeleton/Body/Hitbox" index="0"]
transform = Transform( 1, 0, 0, 0, 1, 0, 0, 0, 1, 0, 0.116167, 6.98492e-09 )
shape = SubResource( 13 )

[node name="Head" type="BoneAttachment" parent="Armature/Skeleton" index="12"]
transform = Transform( 1, -7.10543e-15, 2.38419e-07, -7.10543e-15, 1, 5.96046e-08, -2.38419e-07, -5.96046e-08, 1, -3.26608e-15, 0.603538, -2.73979e-08 )
bone_name = "head"

[node name="Hitbox" type="Area" parent="Armature/Skeleton/Head" index="0"]
transform = Transform( 1, 8.47033e-22, 0, 0, 1, 0, 0, 0, 1, 0, 0, 0 )
collision_layer = 4
collision_mask = 0
script = ExtResource( 4 )
damage_multiplier = 2.0

[node name="CollisionShape" type="CollisionShape" parent="Armature/Skeleton/Head/Hitbox" index="0"]
transform = Transform( 1, 1.69407e-21, 0, 0, 1, 0, 0, 0, 1, 0, 0.14002, 8.3819e-09 )
shape = SubResource( 14 )

[node name="AutoaimTarget" type="Spatial" parent="Armature/Skeleton/Head/Hitbox" index="1"]
transform = Transform( 1, 0, 0, 0, 1, 0, 0, 0, 1, 0, 0.144221, 8.3819e-09 )

[node name="AnimationPlayer" parent="." index="1"]
autoplay = "aim_gun"

[node name="CleanupTimerNoMove" type="Timer" parent="." index="2"]
wait_time = 3.0
one_shot = true

[node name="CleanupTimerMoving" type="Timer" parent="." index="3"]
wait_time = 6.0
one_shot = true
