[gd_scene load_steps=20 format=2]

[ext_resource path="res://player/raw/austin_skin.png" type="Texture" id=1]
[ext_resource path="res://player/raw/man.glb" type="PackedScene" id=2]
[ext_resource path="res://player/Hitbox.gd" type="Script" id=4]
[ext_resource path="res://player/CharacterModel.gd" type="Script" id=5]
[ext_resource path="res://player/RagdollBody.gd" type="Script" id=6]

[sub_resource type="SpatialMaterial" id=1]
albedo_texture = ExtResource( 1 )

[sub_resource type="CapsuleShape" id=2]
radius = 0.045966
height = 0.367728

[sub_resource type="CapsuleShape" id=3]
radius = 0.0375246
height = 0.300197

[sub_resource type="CapsuleShape" id=4]
radius = 0.0259026
height = 0.207221

[sub_resource type="CapsuleShape" id=5]
radius = 0.0437019
height = 0.349616

[sub_resource type="CapsuleShape" id=6]
radius = 0.0458333
height = 0.366666

[sub_resource type="CapsuleShape" id=7]
radius = 0.0375246
height = 0.300197

[sub_resource type="CapsuleShape" id=8]
radius = 0.0259026
height = 0.207221

[sub_resource type="CapsuleShape" id=9]
radius = 0.0437019
height = 0.349616

[sub_resource type="CapsuleShape" id=10]
radius = 0.0458333
height = 0.366666

[sub_resource type="CapsuleShape" id=11]
radius = 0.08
height = 0.29

[sub_resource type="CapsuleShape" id=12]
radius = 0.09
height = 0.51

[sub_resource type="CylinderShape" id=13]
radius = 0.149637
height = 0.609759

[sub_resource type="SphereShape" id=14]
radius = 0.15

[node name="CharacterModel" instance=ExtResource( 2 )]
script = ExtResource( 5 )

[node name="Cube" parent="Armature/Skeleton" index="0"]
material/0 = SubResource( 1 )

[node name="Ragdoll" type="Spatial" parent="Armature/Skeleton" index="1"]
visible = false

[node name="Body" type="PhysicalBone" parent="Armature/Skeleton/Ragdoll" index="0"]
transform = Transform( 1, 2.98028e-08, 2.15834e-07, -2.64263e-08, 0.0394865, -0.99922, 8.94074e-08, 0.999221, 0.0394866, -1.14087e-07, 0.143877, 0.0186137 )
collision_layer = 0
collision_mask = 9
joint_offset = Transform( 1, 0, 0, 0, 1, 0, 0, 0, 1, 1.15019e-07, -0.0185992, -0.000735345 )
body_offset = Transform( 1, -2.0843e-07, 2.0642e-07, -2.64263e-08, 0.0394864, -0.99922, 3.27826e-07, 0.999221, 0.0394865, -1.18744e-07, -3.57628e-07, 0.0186137 )
bone_name = "body"
script = ExtResource( 6 )

[node name="CollisionShape" type="CollisionShape" parent="Armature/Skeleton/Ragdoll/Body" index="0"]
shape = SubResource( 2 )

[node name="Physical Bone upperarml" type="PhysicalBone" parent="Armature/Skeleton/Ragdoll" index="1"]
transform = Transform( -0.788872, 0.45607, -0.411918, -0.469706, -0.879677, -0.0744213, -0.396294, 0.134771, 0.90818, 0.0585743, 0.485546, 0.241219 )
collision_layer = 0
collision_mask = 9
joint_type = 2
joint_offset = Transform( 1, 0, 0, 0, 1, 0, 0, 0, 1, 0.0621566, -0.0149351, -0.219227 )
body_offset = Transform( 0.847944, 0.199582, 0.491074, 0.289584, 0.601531, -0.744514, -0.443986, 0.773513, 0.452272, 0.0579323, -0.172233, 0.1383 )
bone_name = "upperarml"
joint_constraints/swing_span = 45.0
joint_constraints/twist_span = 180.0
joint_constraints/bias = 0.3
joint_constraints/softness = 0.8
joint_constraints/relaxation = 1.0

[node name="CollisionShape" type="CollisionShape" parent="Armature/Skeleton/Ragdoll/Physical Bone upperarml" index="0"]
shape = SubResource( 3 )

[node name="Physical Bone forearml" type="PhysicalBone" parent="Armature/Skeleton/Ragdoll" index="2"]
transform = Transform( 0.753814, 0.636331, 0.16385, -0.33258, 0.584545, -0.740064, -0.566705, 0.503376, 0.652268, 0.150682, 0.457227, 0.892051 )
collision_layer = 0
collision_mask = 9
joint_type = 2
joint_offset = Transform( 1, 0, 0, 0, 1, 0, 0, 0, 1, 0.77058, -0.644876, -0.585087 )
body_offset = Transform( -0.804811, -0.59341, -0.0120202, 0.171597, -0.252021, 0.952385, -0.568184, 0.764427, 0.304656, 0.230462, 0.262476, 1.10904 )
bone_name = "forearml"
joint_constraints/swing_span = 45.0
joint_constraints/twist_span = 180.0
joint_constraints/bias = 0.3
joint_constraints/softness = 0.8
joint_constraints/relaxation = 1.0

[node name="CollisionShape" type="CollisionShape" parent="Armature/Skeleton/Ragdoll/Physical Bone forearml" index="0"]
transform = Transform( 1, 0, -1.86265e-09, -1.11759e-08, 1, -2.98023e-08, 1.39698e-09, -4.47035e-08, 1, -0.000388503, 0.0195855, 0.142302 )
shape = SubResource( 4 )

[node name="Physical Bone upperlegl" type="PhysicalBone" parent="Armature/Skeleton/Ragdoll" index="3"]
transform = Transform( -0.999867, -0.0163864, 0.00135799, 0.00228251, -0.22018, -0.975482, 0.016283, -0.975328, 0.220192, 0.082299, -0.0465929, -0.0651898 )
collision_layer = 0
collision_mask = 9
joint_type = 2
joint_offset = Transform( 1, 0, 0, 0, 1, 0, 0, 0, 1, 0.000336393, -0.0371739, 0.0179861 )
body_offset = Transform( 0.999763, 0.0130697, -0.017459, 0.0157623, 0.12029, 0.992639, 0.0150725, -0.99264, 0.120056, 0.000463556, -0.0133874, -0.0390648 )
bone_name = "upperlegl"
joint_constraints/swing_span = 45.0
joint_constraints/twist_span = 180.0
joint_constraints/bias = 0.3
joint_constraints/softness = 0.8
joint_constraints/relaxation = 1.0

[node name="CollisionShape" type="CollisionShape" parent="Armature/Skeleton/Ragdoll/Physical Bone upperlegl" index="0"]
shape = SubResource( 5 )

[node name="Physical Bone lowerlegl" type="PhysicalBone" parent="Armature/Skeleton/Ragdoll" index="4"]
transform = Transform( -0.999802, -0.0196969, -0.00148996, 0.00821636, -0.483286, 0.875406, -0.0179628, 0.875269, 0.483359, 0.075779, -1.04411, -0.938969 )
collision_layer = 0
collision_mask = 9
joint_type = 2
joint_offset = Transform( 1, 0, 0, 0, 1, 0, 0, 0, 1, -0.0123252, 0.571297, 0.947739 )
body_offset = Transform( 0.99977, 0.0101068, 0.0187502, 0.0128051, 0.418286, -0.908206, -0.0170216, 0.908272, 0.418057, -0.0112219, 0.621934, -0.915311 )
bone_name = "lowerlegl"
joint_constraints/swing_span = 45.0
joint_constraints/twist_span = 180.0
joint_constraints/bias = 0.3
joint_constraints/softness = 0.8
joint_constraints/relaxation = 1.0

[node name="CollisionShape" type="CollisionShape" parent="Armature/Skeleton/Ragdoll/Physical Bone lowerlegl" index="0"]
shape = SubResource( 6 )

[node name="Physical Bone upperarmr" type="PhysicalBone" parent="Armature/Skeleton/Ragdoll" index="5"]
transform = Transform( 0.0285155, -0.711032, 0.70259, 0.999451, 0.00804504, -0.0324212, 0.0174004, 0.703122, 0.710862, -0.20393, 0.492251, -0.130029 )
collision_layer = 0
collision_mask = 9
joint_type = 2
joint_offset = Transform( 1, 0, 0, 0, 1, 0, 0, 0, 1, -0.000749625, 0.0234047, 0.181557 )
body_offset = Transform( -0.668941, -0.354667, 0.653256, -0.732495, 0.165027, -0.660479, 0.126445, -0.92032, -0.370179, -0.110803, 0.115503, 0.088843 )
bone_name = "upperarmr"
joint_constraints/swing_span = 45.0
joint_constraints/twist_span = 180.0
joint_constraints/bias = 0.3
joint_constraints/softness = 0.8
joint_constraints/relaxation = 1.0

[node name="CollisionShape" type="CollisionShape" parent="Armature/Skeleton/Ragdoll/Physical Bone upperarmr" index="0"]
shape = SubResource( 7 )

[node name="Physical Bone forearmr" type="PhysicalBone" parent="Armature/Skeleton/Ragdoll" index="6"]
transform = Transform( 0.743324, 0.198282, -0.638875, 0.564055, -0.699216, 0.439258, -0.359614, -0.686868, -0.631581, 0.542951, 1.36995, -0.458517 )
collision_layer = 0
collision_mask = 9
joint_type = 2
joint_offset = Transform( 1, 0, 0, 0, 1, 0, 0, 0, 1, -1.4106, 0.402228, -0.167162 )
body_offset = Transform( 0.80292, -0.408451, -0.43416, -0.197695, 0.504659, -0.840382, 0.562357, 0.760587, 0.324449, 1.22431, -0.622336, 0.541566 )
bone_name = "forearmr"
joint_constraints/swing_span = 45.0
joint_constraints/twist_span = 180.0
joint_constraints/bias = 0.3
joint_constraints/softness = 0.8
joint_constraints/relaxation = 1.0

[node name="CollisionShape" type="CollisionShape" parent="Armature/Skeleton/Ragdoll/Physical Bone forearmr" index="0"]
shape = SubResource( 8 )

[node name="Physical Bone upperlegr" type="PhysicalBone" parent="Armature/Skeleton/Ragdoll" index="7"]
transform = Transform( -0.999866, 0.0163829, -0.00135735, 0.0100394, 0.673907, 0.738762, 0.0130172, 0.738631, -0.67402, -0.082299, -0.00126362, 0.0549653 )
collision_layer = 0
collision_mask = 9
joint_type = 2
joint_offset = Transform( 1, 0, 0, 0, 1, 0, 0, 0, 1, -0.00129229, -0.0959008, 0.0134719 )
body_offset = Transform( 0.999569, -0.0272264, -0.0109948, -0.025045, -0.5951, -0.803279, 0.0153264, 0.803172, -0.595552, -0.00117117, -0.0462812, 0.0850679 )
bone_name = "upperlegr"
joint_constraints/swing_span = 45.0
joint_constraints/twist_span = 180.0
joint_constraints/bias = 0.3
joint_constraints/softness = 0.8
joint_constraints/relaxation = 1.0

[node name="CollisionShape" type="CollisionShape" parent="Armature/Skeleton/Ragdoll/Physical Bone upperlegr" index="0"]
shape = SubResource( 9 )

[node name="Physical Bone lowerlegr" type="PhysicalBone" parent="Armature/Skeleton/Ragdoll" index="8"]
transform = Transform( -0.999806, 0.0196896, 0.00149182, 0.00626831, 0.38813, -0.9216, -0.0187246, -0.92139, -0.388196, -0.0757788, -0.241735, -0.110721 )
collision_layer = 0
collision_mask = 9
joint_type = 2
joint_offset = Transform( 1, 0, 0, 0, 1, 0, 0, 0, 1, -0.00433844, -0.216492, 0.178892 )
body_offset = Transform( 0.999486, -0.0273956, 0.0166858, -0.0245656, -0.319256, 0.947368, -0.020626, -0.947253, -0.319769, -0.00457967, -0.238699, -0.147958 )
bone_name = "lowerlegr"
joint_constraints/swing_span = 45.0
joint_constraints/twist_span = 180.0
joint_constraints/bias = 0.3
joint_constraints/softness = 0.8
joint_constraints/relaxation = 1.0

[node name="CollisionShape" type="CollisionShape" parent="Armature/Skeleton/Ragdoll/Physical Bone lowerlegr" index="0"]
shape = SubResource( 10 )

[node name="Hand" type="BoneAttachment" parent="Armature/Skeleton" index="2"]
transform = Transform( 0.538818, 0.784079, 0.308049, 0.565051, -0.607594, 0.558164, 0.624813, -0.126686, -0.770428, -0.192105, 0.00372601, -0.0558352 )
bone_name = "handr"

[node name="WeaponSocket" type="Spatial" parent="Armature/Skeleton/Hand" index="0"]
transform = Transform( -0.0240861, 0.922635, -0.384918, 0.10093, 0.385307, 0.917251, 0.9946, -0.0167565, -0.102402, -0.0197302, 0.411354, -0.0446978 )

[node name="ForearmR" type="BoneAttachment" parent="Armature/Skeleton" index="3"]
transform = Transform( 0.793209, 0.490011, 0.361537, 0.547772, -0.833515, -0.0720979, 0.266018, 0.255229, -0.929566, -0.319031, 0.219628, -0.121946 )
bone_name = "forearmr"

[node name="Hitbox" type="Area" parent="Armature/Skeleton/ForearmR" index="0"]
transform = Transform( 1, -1.01863e-10, 2.03727e-10, 3.40151e-09, 1, 7.45058e-09, -5.82077e-11, 0, 1, 0, 0, 0 )
collision_layer = 4
collision_mask = 0
script = ExtResource( 4 )
damage_multiplier = 0.8

[node name="CollisionShape" type="CollisionShape" parent="Armature/Skeleton/ForearmR/Hitbox" index="0"]
transform = Transform( 0.998607, -0.0361372, 0.038451, -0.0394933, -0.0285867, 0.998811, -0.0349951, -0.998939, -0.029974, -0.0275835, 0.150528, -0.0107729 )
shape = SubResource( 11 )

[node name="ForearmL" type="BoneAttachment" parent="Armature/Skeleton" index="4"]
transform = Transform( -0.986252, 0.125033, 0.108043, -0.0703143, -0.909216, 0.410344, 0.149541, 0.397106, 0.905508, 0.225334, 0.256991, -0.250889 )
bone_name = "forearml"

[node name="Hitbox" type="Area" parent="Armature/Skeleton/ForearmL" index="0"]
transform = Transform( 1, 1.54614e-10, -8.73115e-11, 3.79259e-09, 1, 7.45058e-09, 1.45519e-10, 7.45058e-09, 1, 0, 0, 0 )
collision_layer = 4
collision_mask = 0
script = ExtResource( 4 )
damage_multiplier = 0.8

[node name="CollisionShape" type="CollisionShape" parent="Armature/Skeleton/ForearmL/Hitbox" index="0"]
transform = Transform( 0.998607, -0.0361372, 0.038451, -0.0394933, -0.0285867, 0.998811, -0.0349951, -0.998938, -0.029974, 0.0117263, 0.152001, -0.0108685 )
shape = SubResource( 11 )

[node name="UpperarmL" type="BoneAttachment" parent="Armature/Skeleton" index="5"]
transform = Transform( -0.780181, 0.352571, 0.516731, -0.610403, -0.609769, -0.505559, 0.136841, -0.709842, 0.690941, 0.0930329, 0.485804, 0.0154761 )
bone_name = "upperarml"

[node name="Hitbox" type="Area" parent="Armature/Skeleton/UpperarmL" index="0"]
transform = Transform( 1, -4.29281e-10, 1.16415e-10, -4.00178e-09, 1, -7.45058e-09, 1.16415e-10, 7.45058e-09, 1, 0, 0, 0 )
collision_layer = 4
collision_mask = 0
script = ExtResource( 4 )
damage_multiplier = 0.8

[node name="CollisionShape" type="CollisionShape" parent="Armature/Skeleton/UpperarmL/Hitbox" index="0"]
transform = Transform( 0.998607, -0.0361372, 0.038451, -0.0394933, -0.0285867, 0.998811, -0.0349951, -0.998938, -0.029974, 0.0117263, 0.152001, -0.0108685 )
shape = SubResource( 11 )

[node name="UpperarmR" type="BoneAttachment" parent="Armature/Skeleton" index="6"]
transform = Transform( 0.692068, -0.602265, 0.397893, -0.692594, -0.709338, 0.130971, 0.203361, -0.366219, -0.908035, -0.0930329, 0.485804, 0.0154761 )
bone_name = "upperarmr"

[node name="Hitbox" type="Area" parent="Armature/Skeleton/UpperarmR" index="0"]
transform = Transform( 1, -3.3906e-09, -4.65661e-10, 4.40195e-09, 1, 0, 5.82077e-10, 7.45058e-09, 1, 0, 0, 0 )
collision_layer = 4
collision_mask = 0
script = ExtResource( 4 )
damage_multiplier = 0.8

[node name="CollisionShape" type="CollisionShape" parent="Armature/Skeleton/UpperarmR/Hitbox" index="0"]
transform = Transform( 0.993635, -0.0178461, -0.111234, 0.110616, -0.0324902, 0.993332, -0.0213411, -0.999314, -0.0303093, -0.00718713, 0.151379, -0.0109045 )
shape = SubResource( 11 )

[node name="UpperlegR" type="BoneAttachment" parent="Armature/Skeleton" index="7"]
transform = Transform( -0.999865, 0.0163822, -0.00135807, -0.0164355, -0.994701, 0.101489, 0.000311735, 0.101495, 0.994855, -0.0825963, -0.0559523, -0.0249671 )
bone_name = "upperlegr"

[node name="Hitbox" type="Area" parent="Armature/Skeleton/UpperlegR" index="0"]
transform = Transform( 1, 7.74889e-10, -8.73115e-11, 2.66664e-09, 1, 0, 2.91038e-11, 0, 1, 0, 0, 0 )
collision_layer = 4
collision_mask = 0
script = ExtResource( 4 )
damage_multiplier = 0.6

[node name="CollisionShape" type="CollisionShape" parent="Armature/Skeleton/UpperlegR/Hitbox" index="0"]
transform = Transform( 0.998607, -0.0361372, 0.038451, -0.0394933, -0.0285867, 0.998811, -0.0349951, -0.998938, -0.029974, 0.0117263, 0.152001, -0.0108685 )
shape = SubResource( 12 )

[node name="UpperlegL" type="BoneAttachment" parent="Armature/Skeleton" index="8"]
transform = Transform( -0.999865, -0.0163822, 0.00135792, 0.0164355, -0.994701, 0.101489, -0.000311886, 0.101495, 0.994855, 0.0825963, -0.0559523, -0.0249671 )
bone_name = "upperlegl"

[node name="Hitbox" type="Area" parent="Armature/Skeleton/UpperlegL" index="0"]
transform = Transform( 1, -1.18598e-09, 8.73115e-11, -1.1969e-09, 1, -7.45058e-09, 2.91038e-11, -7.45058e-09, 1, 0, 0, 0 )
collision_layer = 4
collision_mask = 0
script = ExtResource( 4 )
damage_multiplier = 0.6

[node name="CollisionShape" type="CollisionShape" parent="Armature/Skeleton/UpperlegL/Hitbox" index="0"]
transform = Transform( 0.998607, -0.0361372, 0.038451, -0.0394933, -0.0285867, 0.998811, -0.0349951, -0.998938, -0.029974, 0.0117263, 0.152001, -0.0108685 )
shape = SubResource( 12 )

[node name="LowerlegR" type="BoneAttachment" parent="Armature/Skeleton" index="9"]
transform = Transform( -0.999805, 0.0196883, 0.00149377, -0.0197448, -0.997129, -0.0731063, 5.01189e-05, -0.0731266, 0.997341, -0.0754369, -0.490656, 0.0193883 )
bone_name = "lowerlegr"

[node name="Hitbox" type="Area" parent="Armature/Skeleton/LowerlegR" index="0"]
transform = Transform( 1, 9.3155e-10, 5.82077e-11, -8.80618e-10, 1, 0, 6.91216e-11, 0, 1, 0, 0, 0 )
collision_layer = 4
collision_mask = 0
script = ExtResource( 4 )
damage_multiplier = 0.6

[node name="CollisionShape" type="CollisionShape" parent="Armature/Skeleton/LowerlegR/Hitbox" index="0"]
transform = Transform( 0.998607, -0.0361372, 0.038451, -0.0394933, -0.0285867, 0.998811, -0.0349951, -0.998938, -0.029974, 0.0117263, 0.152001, -0.0108685 )
shape = SubResource( 12 )

[node name="LowerlegL" type="BoneAttachment" parent="Armature/Skeleton" index="10"]
transform = Transform( -0.999806, -0.0196883, -0.00149377, 0.0197448, -0.997129, -0.0731064, -5.01169e-05, -0.0731267, 0.997341, 0.0754369, -0.490656, 0.0193883 )
bone_name = "lowerlegl"

[node name="Hitbox" type="Area" parent="Armature/Skeleton/LowerlegL" index="0"]
transform = Transform( 1, -1.0848e-09, -5.82077e-11, 7.22821e-10, 1, -7.45058e-09, -1.27329e-10, 0, 1, 0, 0, 0 )
collision_layer = 4
collision_mask = 0
script = ExtResource( 4 )
damage_multiplier = 0.6

[node name="CollisionShape" type="CollisionShape" parent="Armature/Skeleton/LowerlegL/Hitbox" index="0"]
transform = Transform( 0.998607, -0.0361372, 0.038451, -0.0394933, -0.0285867, 0.998811, -0.0349951, -0.998938, -0.029974, 0.0117263, 0.152001, -0.0108685 )
shape = SubResource( 12 )

[node name="Body" type="BoneAttachment" parent="Armature/Skeleton" index="11"]
transform = Transform( 1, -7.10543e-15, 2.38419e-07, -7.10543e-15, 1, 5.96046e-08, -2.38419e-07, -5.96046e-08, 1, 0, 0.143877, 0 )
bone_name = "body"

[node name="Hitbox" type="Area" parent="Armature/Skeleton/Body" index="0"]
collision_layer = 4
collision_mask = 0
script = ExtResource( 4 )

[node name="CollisionShape" type="CollisionShape" parent="Armature/Skeleton/Body/Hitbox" index="0"]
transform = Transform( 1, 0, 0, 0, 1, 0, 0, 0, 1, 0, 0.116167, 6.98492e-09 )
shape = SubResource( 13 )

[node name="Head" type="BoneAttachment" parent="Armature/Skeleton" index="12"]
transform = Transform( 1, -7.10543e-15, 2.38419e-07, -7.10543e-15, 1, 5.96046e-08, -2.38419e-07, -5.96046e-08, 1, -3.26608e-15, 0.603538, -2.73979e-08 )
bone_name = "head"

[node name="Hitbox" type="Area" parent="Armature/Skeleton/Head" index="0"]
transform = Transform( 1, 8.47033e-22, 0, 0, 1, 0, 0, 0, 1, 0, 0, 0 )
collision_layer = 4
collision_mask = 0
script = ExtResource( 4 )
damage_multiplier = 2.0

[node name="CollisionShape" type="CollisionShape" parent="Armature/Skeleton/Head/Hitbox" index="0"]
transform = Transform( 1, 1.69407e-21, 0, 0, 1, 0, 0, 0, 1, 0, 0.14002, 8.3819e-09 )
shape = SubResource( 14 )

[node name="AutoaimTarget" type="Spatial" parent="Armature/Skeleton/Head/Hitbox" index="1"]
transform = Transform( 1, 0, 0, 0, 1, 0, 0, 0, 1, 0, 0.144221, 8.3819e-09 )

[node name="AnimationPlayer" parent="." index="1"]
autoplay = "aim_gun"

[node name="CleanupTimerNoMove" type="Timer" parent="." index="2"]
wait_time = 3.0
one_shot = true

[node name="CleanupTimerMoving" type="Timer" parent="." index="3"]
wait_time = 6.0
one_shot = true
