[gd_scene load_steps=21 format=2]

[ext_resource path="res://player/raw/austin_skin.png" type="Texture" id=1]
[ext_resource path="res://player/raw/man.glb" type="PackedScene" id=2]
[ext_resource path="res://shaders/character.shader" type="Shader" id=3]
[ext_resource path="res://player/Hitbox.gd" type="Script" id=4]
[ext_resource path="res://player/CharacterModel.gd" type="Script" id=5]
[ext_resource path="res://player/RagdollBody.gd" type="Script" id=6]

[sub_resource type="ShaderMaterial" id=1]
shader = ExtResource( 3 )
shader_param/albedo_texture = ExtResource( 1 )

[sub_resource type="CapsuleShape" id=2]
radius = 0.045966
height = 0.367728

[sub_resource type="CapsuleShape" id=3]
radius = 0.0375246
height = 0.300197

[sub_resource type="CapsuleShape" id=4]
radius = 0.0259026
height = 0.207221

[sub_resource type="CapsuleShape" id=5]
radius = 0.0437019
height = 0.349616

[sub_resource type="CapsuleShape" id=6]
radius = 0.0458333
height = 0.366666

[sub_resource type="CapsuleShape" id=7]
radius = 0.0375246
height = 0.300197

[sub_resource type="CapsuleShape" id=8]
radius = 0.0259026
height = 0.207221

[sub_resource type="CapsuleShape" id=9]
radius = 0.0437019
height = 0.349616

[sub_resource type="CapsuleShape" id=10]
radius = 0.0458333
height = 0.366666

[sub_resource type="CapsuleShape" id=11]
radius = 0.08
height = 0.29

[sub_resource type="CapsuleShape" id=12]
radius = 0.09
height = 0.51

[sub_resource type="CylinderShape" id=13]
radius = 0.149637
height = 0.609759

[sub_resource type="SphereShape" id=14]
radius = 0.15

[node name="CharacterModel" instance=ExtResource( 2 )]
script = ExtResource( 5 )

[node name="Cube" parent="Armature/Skeleton" index="0"]
material/0 = SubResource( 1 )

[node name="Ragdoll" type="Spatial" parent="Armature/Skeleton" index="1"]

[node name="Body" type="PhysicalBone" parent="Armature/Skeleton/Ragdoll" index="0"]
transform = Transform( 1, 2.98028e-08, 2.15834e-07, -2.64263e-08, 0.0394865, -0.99922, 8.94074e-08, 0.999221, 0.0394866, -1.16415e-07, 0.143877, 0.0296443 )
collision_layer = 0
collision_mask = 9
joint_offset = Transform( 1, 0, 0, 0, 1, 0, 0, 0, 1, 1.17468e-07, -0.0296211, -0.00117102 )
body_offset = Transform( 1, -2.0843e-07, 2.0642e-07, -2.64263e-08, 0.0394864, -0.99922, 3.27826e-07, 0.999221, 0.0394865, -1.234e-07, -4.76837e-07, 0.0296443 )
mass = 5.0
weight = 100.0
bone_name = "body"
script = ExtResource( 6 )

[node name="CollisionShape" type="CollisionShape" parent="Armature/Skeleton/Ragdoll/Body" index="0"]
shape = SubResource( 2 )

[node name="Physical Bone upperarml" type="PhysicalBone" parent="Armature/Skeleton/Ragdoll" index="1"]
transform = Transform( 0.796191, -0.476705, -0.372588, -0.375288, -0.872134, 0.313896, -0.474584, -0.110092, -0.873298, 0.139225, 0.468275, 0.180823 )
collision_layer = 0
collision_mask = 9
joint_type = 2
joint_offset = Transform( 1, 0, 0, 0, 1, 0, 0, 0, 1, 0.0351149, 0.024936, 0.16711 )
body_offset = Transform( -0.0470041, 0.996729, 0.0656316, -0.390679, 0.0421263, -0.919563, -0.919321, -0.0688654, 0.387425, -0.0341716, 0.166337, -0.0307435 )
bone_name = "upperarml"
joint_constraints/swing_span = 11.72
joint_constraints/twist_span = 180.0
joint_constraints/bias = 0.3
joint_constraints/softness = 0.8
joint_constraints/relaxation = 1.0

[node name="CollisionShape" type="CollisionShape" parent="Armature/Skeleton/Ragdoll/Physical Bone upperarml" index="0"]
shape = SubResource( 3 )

[node name="Physical Bone forearml" type="PhysicalBone" parent="Armature/Skeleton/Ragdoll" index="2"]
transform = Transform( 0.778408, -0.434895, -0.452707, 0.0355202, 0.750508, -0.659904, 0.62675, 0.497595, 0.59965, 0.237764, 0.399894, 0.32505 )
collision_layer = 0
collision_mask = 9
joint_type = 2
joint_offset = Transform( 1, 0, 0, 0, 1, 0, 0, 0, 1, -0.0712827, 0.104859, 0.0868863 )
body_offset = Transform( -0.365675, -0.771108, 0.52122, -0.351082, 0.632915, 0.690042, -0.861985, 0.0693406, -0.502164, 0.00950408, -0.151348, -0.0250844 )
bone_name = "forearml"
joint_constraints/swing_span = 11.72
joint_constraints/twist_span = 180.0
joint_constraints/bias = 0.3
joint_constraints/softness = 0.8
joint_constraints/relaxation = 1.0

[node name="CollisionShape" type="CollisionShape" parent="Armature/Skeleton/Ragdoll/Physical Bone forearml" index="0"]
transform = Transform( 1, 0, 0, 0, 1, 0, 0, 0, 1, -0.000388503, 0.0195855, 0.142302 )
shape = SubResource( 4 )

[node name="Physical Bone upperlegl" type="PhysicalBone" parent="Armature/Skeleton/Ragdoll" index="3"]
transform = Transform( -0.999869, -0.0163865, 0.001358, -0.00278894, 0.0875579, -0.996189, 0.0162039, -0.996033, -0.0875936, 0.0822989, -0.419244, -0.00664186 )
collision_layer = 0
collision_mask = 9
joint_type = 2
joint_offset = Transform( 1, 0, 0, 0, 1, 0, 0, 0, 1, -0.00160703, 0.0500558, -0.360278 )
body_offset = Transform( 0.999683, 0.018134, -0.0177033, 0.0207989, -0.187918, 0.981997, 0.0144792, -0.982008, -0.188236, -0.0056793, 0.363232, -0.0186387 )
bone_name = "upperlegl"
joint_constraints/swing_span = 8.7
joint_constraints/twist_span = 180.0
joint_constraints/bias = 0.3
joint_constraints/softness = 0.8
joint_constraints/relaxation = 1.0

[node name="CollisionShape" type="CollisionShape" parent="Armature/Skeleton/Ragdoll/Physical Bone upperlegl" index="0"]
shape = SubResource( 5 )

[node name="Physical Bone lowerlegl" type="PhysicalBone" parent="Armature/Skeleton/Ragdoll" index="4"]
transform = Transform( -0.999797, -0.0196968, -0.00148999, 0.000175749, -0.0842823, 0.996423, -0.019752, 0.996269, 0.0842927, 0.0757792, -0.707535, 0.00753761 )
collision_layer = 0
collision_mask = 9
joint_type = 2
joint_offset = Transform( 1, 0, 0, 0, 1, 0, 0, 0, 1, 0.000146249, -0.00647129, 0.21711 )
body_offset = Transform( 0.999606, 0.0179789, 0.0211597, 0.0209533, 0.0115806, -0.999695, -0.0182181, 0.999775, 0.0112192, -0.00462381, 0.217115, 0.0040367 )
bone_name = "lowerlegl"
joint_constraints/swing_span = 7.25
joint_constraints/twist_span = 180.0
joint_constraints/bias = 0.3
joint_constraints/softness = 0.8
joint_constraints/relaxation = 1.0

[node name="CollisionShape" type="CollisionShape" parent="Armature/Skeleton/Ragdoll/Physical Bone lowerlegl" index="0"]
shape = SubResource( 6 )

[node name="Physical Bone upperarmr" type="PhysicalBone" parent="Armature/Skeleton/Ragdoll" index="5"]
transform = Transform( -0.379799, 0.14249, 0.914036, -0.642461, -0.751548, -0.149792, 0.665598, -0.64412, 0.376978, -0.188138, 0.503562, -0.0400126 )
collision_layer = 0
collision_mask = 9
joint_type = 2
joint_offset = Transform( 1, 0, 0, 0, 1, 0, 0, 0, 1, 0.0122206, -0.00884333, 0.110507 )
body_offset = Transform( -0.917337, -0.253473, -0.30703, 0.268649, 0.175084, -0.947199, 0.293845, -0.951376, -0.0925121, 0.0428977, 0.102937, -0.00178111 )
bone_name = "upperarmr"
joint_constraints/swing_span = 11.72
joint_constraints/twist_span = 180.0
joint_constraints/bias = 0.3
joint_constraints/softness = 0.8
joint_constraints/relaxation = 1.0

[node name="CollisionShape" type="CollisionShape" parent="Armature/Skeleton/Ragdoll/Physical Bone upperarmr" index="0"]
shape = SubResource( 7 )

[node name="Physical Bone forearmr" type="PhysicalBone" parent="Armature/Skeleton/Ragdoll" index="6"]
transform = Transform( 0.419352, 0.888568, -0.186003, -0.886988, 0.444681, 0.124576, 0.193407, 0.11274, 0.974623, -0.469004, 0.517462, 0.0122568 )
collision_layer = 0
collision_mask = 9
joint_type = 2
joint_offset = Transform( 1, 0, 0, 0, 1, 0, 0, 0, 1, 0.070896, -0.0334068, -0.118953 )
body_offset = Transform( -0.792788, 0.475774, 0.380965, 0.599029, 0.492811, 0.631118, 0.112525, 0.728547, -0.675695, 0.117417, 0.0490681, -0.0640153 )
bone_name = "forearmr"
joint_constraints/swing_span = -163.0
joint_constraints/twist_span = 180.0
joint_constraints/bias = 0.3
joint_constraints/softness = 0.8
joint_constraints/relaxation = 1.0

[node name="CollisionShape" type="CollisionShape" parent="Armature/Skeleton/Ragdoll/Physical Bone forearmr" index="0"]
shape = SubResource( 8 )

[node name="Physical Bone upperlegr" type="PhysicalBone" parent="Armature/Skeleton/Ragdoll" index="7"]
transform = Transform( -0.999868, 0.0163829, -0.00135739, -0.00214552, -0.0482068, 0.998878, 0.0162983, 0.998704, 0.0482202, -0.135511, -0.775314, 0.0549667 )
collision_layer = 0
collision_mask = 9
joint_type = 2
joint_offset = Transform( 1, 0, 0, 0, 1, 0, 0, 0, 1, -0.0557531, -0.113629, 0.714566 )
body_offset = Transform( 0.999773, -0.0152771, -0.0150448, -0.0125917, 0.149584, -0.988713, 0.0173539, 0.988614, 0.149343, 0.064755, 0.722795, 0.0065871 )
bone_name = "upperlegr"
joint_constraints/swing_span = -11.85
joint_constraints/twist_span = 180.0
joint_constraints/bias = 0.3
joint_constraints/softness = 0.8
joint_constraints/relaxation = 1.0

[node name="CollisionShape" type="CollisionShape" parent="Armature/Skeleton/Ragdoll/Physical Bone upperlegr" index="0"]
shape = SubResource( 9 )

[node name="Physical Bone lowerlegr" type="PhysicalBone" parent="Armature/Skeleton/Ragdoll" index="8"]
transform = Transform( -0.999808, 0.0196897, 0.00149194, -0.0033289, -0.0935864, -0.995632, -0.0194634, -0.995411, 0.0936275, -0.0757787, -0.241735, 0.00598931 )
collision_layer = 0
collision_mask = 9
joint_type = 2
joint_offset = Transform( 1, 0, 0, 0, 1, 0, 0, 0, 1, 0.000226036, 0.0099626, 0.249076 )
body_offset = Transform( 0.999678, -0.0178879, 0.0181716, -0.014942, 0.16649, 0.985955, -0.0206611, -0.985857, 0.166168, -0.00457386, -0.247233, -0.031562 )
bone_name = "lowerlegr"
joint_constraints/swing_span = 15.67
joint_constraints/twist_span = 180.0
joint_constraints/bias = 0.3
joint_constraints/softness = 0.8
joint_constraints/relaxation = 1.0

[node name="CollisionShape" type="CollisionShape" parent="Armature/Skeleton/Ragdoll/Physical Bone lowerlegr" index="0"]
shape = SubResource( 10 )

[node name="Hand" type="BoneAttachment" parent="Armature/Skeleton" index="2"]
transform = Transform( 5.70714e-06, 0.108024, 0.994148, 0.95912, 0.281342, -0.0305762, -0.282999, 0.953508, -0.103607, -0.298746, 0.364406, 0.109994 )
bone_name = "handr"

[node name="WeaponSocket" type="Spatial" parent="Armature/Skeleton/Hand" index="0"]
transform = Transform( -0.0240861, 0.922635, -0.384918, 0.10093, 0.385307, 0.917251, 0.9946, -0.0167565, -0.102402, -0.0197302, 0.411354, -0.0446978 )

[node name="ForearmR" type="BoneAttachment" parent="Armature/Skeleton" index="3"]
transform = Transform( 0.0194418, 0.571707, 0.820228, 0.962212, -0.233561, 0.139987, 0.271605, 0.786511, -0.554644, -0.446833, 0.424904, -0.0937325 )
bone_name = "forearmr"

[node name="Hitbox" type="Area" parent="Armature/Skeleton/ForearmR" index="0"]
transform = Transform( 1, -1.01863e-10, 2.03727e-10, 3.40151e-09, 1, 7.45058e-09, -5.82077e-11, 0, 1, 0, 0, 0 )
collision_layer = 4
collision_mask = 0
script = ExtResource( 4 )
damage_multiplier = 0.8

[node name="CollisionShape" type="CollisionShape" parent="Armature/Skeleton/ForearmR/Hitbox" index="0"]
transform = Transform( 0.998607, -0.0361372, 0.038451, -0.0394933, -0.0285867, 0.998811, -0.0349951, -0.998939, -0.029974, -0.0275835, 0.150528, -0.0107729 )
shape = SubResource( 11 )

[node name="ForearmL" type="BoneAttachment" parent="Armature/Skeleton" index="4"]
transform = Transform( -0.185254, -0.860926, -0.473801, -0.93567, 0.00717545, 0.352804, -0.300339, 0.50868, -0.806872, 0.0973401, 0.418722, 0.384652 )
bone_name = "forearml"

[node name="Hitbox" type="Area" parent="Armature/Skeleton/ForearmL" index="0"]
transform = Transform( 1, 1.54614e-10, -8.73115e-11, 3.79259e-09, 1, 7.45058e-09, 1.45519e-10, 7.45058e-09, 1, 0, 0, 0 )
collision_layer = 4
collision_mask = 0
script = ExtResource( 4 )
damage_multiplier = 0.8

[node name="CollisionShape" type="CollisionShape" parent="Armature/Skeleton/ForearmL/Hitbox" index="0"]
transform = Transform( 0.998607, -0.0361372, 0.038451, -0.0394933, -0.0285867, 0.998811, -0.0349951, -0.998938, -0.029974, 0.0117263, 0.152001, -0.0108685 )
shape = SubResource( 11 )

[node name="UpperarmL" type="BoneAttachment" parent="Armature/Skeleton" index="5"]
transform = Transform( -0.537032, 0.0114786, -0.843484, -0.831051, -0.178768, 0.526684, -0.144742, 0.983824, 0.105543, 0.0930329, 0.485804, 0.0154761 )
bone_name = "upperarml"

[node name="Hitbox" type="Area" parent="Armature/Skeleton/UpperarmL" index="0"]
transform = Transform( 1, -4.29281e-10, 1.16415e-10, -4.00178e-09, 1, -7.45058e-09, 1.16415e-10, 7.45058e-09, 1, 0, 0, 0 )
collision_layer = 4
collision_mask = 0
script = ExtResource( 4 )
damage_multiplier = 0.8

[node name="CollisionShape" type="CollisionShape" parent="Armature/Skeleton/UpperarmL/Hitbox" index="0"]
transform = Transform( 0.998607, -0.0361372, 0.038451, -0.0394933, -0.0285867, 0.998811, -0.0349951, -0.998938, -0.029974, 0.0117263, 0.152001, -0.0108685 )
shape = SubResource( 11 )

[node name="UpperarmR" type="BoneAttachment" parent="Armature/Skeleton" index="6"]
transform = Transform( 0.0316456, -0.942847, -0.331719, 0.825824, -0.162293, 0.54007, -0.563039, -0.291032, 0.77349, -0.0930329, 0.485804, 0.0154761 )
bone_name = "upperarmr"

[node name="Hitbox" type="Area" parent="Armature/Skeleton/UpperarmR" index="0"]
transform = Transform( 1, -3.3906e-09, -4.65661e-10, 4.40195e-09, 1, 0, 5.82077e-10, 7.45058e-09, 1, 0, 0, 0 )
collision_layer = 4
collision_mask = 0
script = ExtResource( 4 )
damage_multiplier = 0.8

[node name="CollisionShape" type="CollisionShape" parent="Armature/Skeleton/UpperarmR/Hitbox" index="0"]
transform = Transform( 0.993635, -0.0178461, -0.111234, 0.110616, -0.0324902, 0.993332, -0.0213411, -0.999314, -0.0303093, -0.00718713, 0.151379, -0.0109045 )
shape = SubResource( 11 )

[node name="UpperlegR" type="BoneAttachment" parent="Armature/Skeleton" index="7"]
transform = Transform( -0.999865, 0.0163822, -0.00135807, -0.0164355, -0.994701, 0.101489, 0.000311735, 0.101495, 0.994855, -0.0825963, -0.0559523, -0.0249671 )
bone_name = "upperlegr"

[node name="Hitbox" type="Area" parent="Armature/Skeleton/UpperlegR" index="0"]
transform = Transform( 1, 7.74889e-10, -8.73115e-11, 2.66664e-09, 1, 0, 2.91038e-11, 0, 1, 0, 0, 0 )
collision_layer = 4
collision_mask = 0
script = ExtResource( 4 )
damage_multiplier = 0.6

[node name="CollisionShape" type="CollisionShape" parent="Armature/Skeleton/UpperlegR/Hitbox" index="0"]
transform = Transform( 0.998607, -0.0361372, 0.038451, -0.0394933, -0.0285867, 0.998811, -0.0349951, -0.998938, -0.029974, 0.0117263, 0.152001, -0.0108685 )
shape = SubResource( 12 )

[node name="UpperlegL" type="BoneAttachment" parent="Armature/Skeleton" index="8"]
transform = Transform( -0.999865, -0.0163822, 0.00135792, 0.0164355, -0.994701, 0.101489, -0.000311886, 0.101495, 0.994855, 0.0825963, -0.0559523, -0.0249671 )
bone_name = "upperlegl"

[node name="Hitbox" type="Area" parent="Armature/Skeleton/UpperlegL" index="0"]
transform = Transform( 1, -1.18598e-09, 8.73115e-11, -1.1969e-09, 1, -7.45058e-09, 2.91038e-11, -7.45058e-09, 1, 0, 0, 0 )
collision_layer = 4
collision_mask = 0
script = ExtResource( 4 )
damage_multiplier = 0.6

[node name="CollisionShape" type="CollisionShape" parent="Armature/Skeleton/UpperlegL/Hitbox" index="0"]
transform = Transform( 0.998607, -0.0361372, 0.038451, -0.0394933, -0.0285867, 0.998811, -0.0349951, -0.998938, -0.029974, 0.0117263, 0.152001, -0.0108685 )
shape = SubResource( 12 )

[node name="LowerlegR" type="BoneAttachment" parent="Armature/Skeleton" index="9"]
transform = Transform( -0.999805, 0.0196883, 0.00149377, -0.0197448, -0.997129, -0.0731063, 5.01189e-05, -0.0731266, 0.997341, -0.0754369, -0.490656, 0.0193883 )
bone_name = "lowerlegr"

[node name="Hitbox" type="Area" parent="Armature/Skeleton/LowerlegR" index="0"]
transform = Transform( 1, 9.3155e-10, 5.82077e-11, -8.80618e-10, 1, 0, 6.91216e-11, 0, 1, 0, 0, 0 )
collision_layer = 4
collision_mask = 0
script = ExtResource( 4 )
damage_multiplier = 0.6

[node name="CollisionShape" type="CollisionShape" parent="Armature/Skeleton/LowerlegR/Hitbox" index="0"]
transform = Transform( 0.998607, -0.0361372, 0.038451, -0.0394933, -0.0285867, 0.998811, -0.0349951, -0.998938, -0.029974, 0.0117263, 0.152001, -0.0108685 )
shape = SubResource( 12 )

[node name="LowerlegL" type="BoneAttachment" parent="Armature/Skeleton" index="10"]
transform = Transform( -0.999806, -0.0196883, -0.00149377, 0.0197448, -0.997129, -0.0731064, -5.01169e-05, -0.0731267, 0.997341, 0.0754369, -0.490656, 0.0193883 )
bone_name = "lowerlegl"

[node name="Hitbox" type="Area" parent="Armature/Skeleton/LowerlegL" index="0"]
transform = Transform( 1, -1.0848e-09, -5.82077e-11, 7.22821e-10, 1, -7.45058e-09, -1.27329e-10, 0, 1, 0, 0, 0 )
collision_layer = 4
collision_mask = 0
script = ExtResource( 4 )
damage_multiplier = 0.6

[node name="CollisionShape" type="CollisionShape" parent="Armature/Skeleton/LowerlegL/Hitbox" index="0"]
transform = Transform( 0.998607, -0.0361372, 0.038451, -0.0394933, -0.0285867, 0.998811, -0.0349951, -0.998938, -0.029974, 0.0117263, 0.152001, -0.0108685 )
shape = SubResource( 12 )

[node name="Body" type="BoneAttachment" parent="Armature/Skeleton" index="11"]
transform = Transform( 1, -7.10543e-15, 2.38419e-07, -7.10543e-15, 1, 5.96046e-08, -2.38419e-07, -5.96046e-08, 1, 0, 0.143877, 0 )
bone_name = "body"

[node name="Hitbox" type="Area" parent="Armature/Skeleton/Body" index="0"]
collision_layer = 4
collision_mask = 0
script = ExtResource( 4 )

[node name="CollisionShape" type="CollisionShape" parent="Armature/Skeleton/Body/Hitbox" index="0"]
transform = Transform( 1, 0, 0, 0, 1, 0, 0, 0, 1, 0, 0.116167, 6.98492e-09 )
shape = SubResource( 13 )

[node name="Head" type="BoneAttachment" parent="Armature/Skeleton" index="12"]
transform = Transform( 1, -7.10543e-15, 2.38419e-07, -7.10543e-15, 1, 5.96046e-08, -2.38419e-07, -5.96046e-08, 1, -3.26608e-15, 0.603538, -2.73979e-08 )
bone_name = "head"

[node name="Hitbox" type="Area" parent="Armature/Skeleton/Head" index="0"]
transform = Transform( 1, 8.47033e-22, 0, 0, 1, 0, 0, 0, 1, 0, 0, 0 )
collision_layer = 4
collision_mask = 0
script = ExtResource( 4 )
damage_multiplier = 2.0

[node name="CollisionShape" type="CollisionShape" parent="Armature/Skeleton/Head/Hitbox" index="0"]
transform = Transform( 1, 1.69407e-21, 0, 0, 1, 0, 0, 0, 1, 0, 0.14002, 8.3819e-09 )
shape = SubResource( 14 )

[node name="AutoaimTarget" type="Spatial" parent="Armature/Skeleton/Head/Hitbox" index="1"]
transform = Transform( 1, 0, 0, 0, 1, 0, 0, 0, 1, 0, 0.144221, 8.3819e-09 )

[node name="AnimationPlayer" parent="." index="1"]
autoplay = "aim_gun"

[node name="CleanupTimerNoMove" type="Timer" parent="." index="2"]
wait_time = 3.0
one_shot = true

[node name="CleanupTimerMoving" type="Timer" parent="." index="3"]
wait_time = 6.0
one_shot = true
